1.000000000000000000e+00 0.000000000000000000e+00 0.000000000000000000e+00 0.000000000000000000e+00 0.000000000000000000e+00 1.000000000000000000e+00 0.000000000000000000e+00 0.000000000000000000e+00 0.000000000000000000e+00 0.000000000000000000e+00 1.000000000000000000e+00 0.000000000000000000e+00
9.999999964624077808e-01 8.061857604822494190e-05 -2.399645201855649804e-05 -1.628250003919922036e-03 -8.061460987641938341e-05 9.999999830990592420e-01 1.652366964218395233e-04 4.023458229829308518e-04 2.400977276017032344e-05 -1.652347613726815598e-04 9.999999860605021107e-01 -1.986177914287884979e-03
9.999999274513837744e-01 3.808891991994054838e-04 4.543697744779962845e-06 3.091073049914128124e-03 -3.808907246260404261e-04 9.999998694621455853e-01 3.405847144184734397e-04 4.141422933920740727e-03 -4.413972112520998170e-06 -3.405864203618501275e-04 9.999999419907018572e-01 2.257776282473177194e-03
9.999999968885727730e-01 4.592932189796653420e-06 7.875125065762638788e-05 -1.055151064605904659e-03 -4.575024369935342929e-06 9.999999741350756866e-01 -2.273959480107446405e-04 5.188103406576693652e-03 -7.875229303490070072e-05 2.273955870143277449e-04 9.999999710446612067e-01 4.589272247131981688e-03
9.999999933050920387e-01 1.157063508503806151e-04 -1.362457043062685103e-06 1.959040720074983581e-03 -1.157061556590382236e-04 9.999999831667045758e-01 1.424032165031381561e-04 2.059126376639705200e-03 1.378933976658977919e-06 -1.424030579050950375e-04 9.999999898597338177e-01 8.390427532293000257e-04
9.999999670908659155e-01 2.537713468059028636e-04 3.766126135107870188e-05 2.365578607278942102e-03 -2.537646422251475927e-04 9.999999519737402531e-01 -1.779213972379502359e-04 3.694700103328682830e-03 -3.770641089495184000e-05 1.779118342861986358e-04 9.999999834628027218e-01 2.711038816423378371e-03
9.999999791012202932e-01 1.892802449909445272e-04 -7.726932065658995272e-05 3.032956098266923525e-03 -1.892447833626626939e-04 9.999998768972100383e-01 4.586850517055413414e-04 5.590520247377279983e-03 7.735613116348150694e-05 -4.586704193037352854e-04 9.999998918187318342e-01 -3.062467256318747617e-03
9.999999195875903801e-01 3.998577902648629248e-04 -3.063593100868934577e-05 1.933106961528011265e-04 -3.998455458583710545e-04 9.999998406033293596e-01 3.986437700147166057e-04 6.743861002875753755e-03 3.079532694240488371e-05 -3.986314883182534943e-04 9.999999200722889947e-01 -2.161120353688511520e-04
9.999999481221849562e-01 3.151801074527506644e-04 -6.646147212536953350e-05 3.503558701392532095e-03 -3.151693945658557003e-04 9.999999373513414058e-01 1.611383443835324753e-04 5.916444927876697221e-03 6.651225556234501143e-05 -1.611173894020955660e-04 9.999999848086532639e-01 -4.054838837895128126e-03
9.999999697254795539e-01 2.428839379981681231e-04 -3.945164888719935616e-05 -3.589046464876751059e-03 -2.428681229834969008e-04 9.999998903545955775e-01 4.003821570227493660e-04 5.735546098655992450e-03 3.954889095650924796e-05 -4.003725633534577634e-04 9.999999190688445561e-01 -1.405536849197820334e-03
9.999999874306625403e-01 1.584251515445649441e-04 -6.336100909146860273e-06 9.373081853190738666e-04 -1.584246648226427380e-04 9.999999845059817094e-01 7.674413334958940947e-05 8.194691561329838989e-03 6.348259011931262249e-06 -7.674312859030368189e-05 9.999999970350959000e-01 4.234676968247807821e-04
9.999999978156343117e-01 5.659922253024763126e-05 3.413589689103759835e-05 2.355592943809545810e-03 -5.659078559695706695e-05 9.999999678676675385e-01 -2.471075615039999710e-04 2.297337079435869331e-03 -3.414988189003408369e-05 2.471056291870045397e-04 9.999999688862962754e-01 1.863845958810833505e-03
9.999999999185984478e-01 1.064651326461732681e-06 -1.271494049166696607e-05 7.047177489115669796e-04 -1.066281754019467517e-06 9.999999917779710534e-01 -1.282299532271052628e-04 7.863906185402225191e-03 1.271480386693456115e-05 1.282299667743762067e-04 9.999999916977047043e-01 -1.259809799819992544e-03
9.999999315670002886e-01 3.690832335874490557e-04 -2.536851169929206761e-05 3.625185399359711486e-03 -3.690839254750099717e-04 9.999999315165843949e-01 -2.727421022762378856e-05 3.756185969946644262e-03 2.535844350826538138e-05 2.728357147104919941e-05 9.999999993062780312e-01 -1.588981638502618993e-03
9.999999452730938820e-01 3.303856444757480391e-04 -1.729552535482368629e-05 2.915644651294083123e-04 -3.303853582533351893e-04 9.999999452858184812e-01 1.654917068584840699e-05 4.851720005925849559e-03 1.730099201693575359e-05 -1.654345559182296581e-05 9.999999997134948471e-01 -1.091888459538135903e-03
9.999999917067222688e-01 1.287163501146326445e-04 -4.319334082187924480e-06 1.217171839649078963e-04 -1.287166540994503226e-04 9.999999892343127694e-01 -7.045138182656078682e-05 8.072799509439598439e-03 4.310265790958077951e-06 7.045193721251890293e-05 9.999999975089730597e-01 -4.825977621788127129e-04
9.999999993918036179e-01 1.953844568305106402e-05 -2.889017038556542457e-05 -1.372910977975870181e-03 -1.953762837611580587e-05 9.999999994089742161e-01 2.829015057171987228e-05 5.851408022158720822e-03 2.889072311406089828e-05 -2.828958610910119043e-05 9.999999991825126999e-01 -2.362742414523717142e-03
9.999999321180328415e-01 3.684612668397386137e-04 -4.739030046158728052e-07 -2.502429706275540247e-03 -3.684612965500079062e-04 9.999999300508938260e-01 -6.429992547951615873e-05 6.016598497685997186e-03 4.502109394668979254e-07 6.430009572962625680e-05 9.999999979326474886e-01 -5.209774472815838914e-04
9.999999918659467912e-01 1.249632505145137178e-04 -2.554001435359553798e-05 1.996606914193145826e-03 -1.249630863947790967e-04 9.999999921714572970e-01 6.427479192951076321e-06 4.840764803530149540e-03 2.554081735234700796e-05 -6.424287581649427151e-06 9.999999996531976354e-01 -9.744727941808002149e-04
9.999999419466319983e-01 3.406718570057756627e-04 -7.029834838041429623e-06 1.964795086992403815e-03 -3.406716490235685768e-04 9.999999415343477915e-01 2.956566493929680255e-05 2.491729262784931221e-03 7.039906617016032536e-06 -2.956326835748373440e-05 9.999999995382264917e-01 -3.024756304093932733e-04
9.999999550247842262e-01 2.998742546145504676e-04 5.085364867307289342e-06 -1.536553646145274836e-03 -2.998740437565298620e-04 9.999999541802226943e-01 -4.141389150697484886e-05 3.486233340671029621e-03 -5.097783594143345204e-06 4.141236467544940687e-05 9.999999991295143165e-01 -4.320625070978936625e-04
9.999998158240637203e-01 6.068360637486250059e-04 -1.009109833591968067e-05 1.623686120290459070e-04 -6.068358692980736421e-04 9.999998156895956170e-01 1.926142318867161643e-05 1.141075634936669636e-02 1.010278500225527591e-05 -1.925529600075011967e-05 9.999999997635836690e-01 -5.222383137744560262e-04
9.999999902484125736e-01 1.396391248616962819e-04 2.022246039858374848e-06 -8.073770442431644351e-04 -1.396393965872136400e-04 9.999999811382912496e-01 1.349972450070389442e-04 6.754672259143407881e-03 -2.003395104563835721e-06 -1.349975260758182519e-04 9.999999908858271391e-01 8.644170653497440905e-04
9.999999164112980399e-01 4.083810405134552534e-04 -2.005798036254269039e-05 -6.346727336793112854e-04 -4.083782134942467892e-04 9.999999067090613591e-01 1.407448163573136644e-04 2.866087337680664482e-03 2.011545600586574762e-05 -1.407366133504504282e-04 9.999999898942869558e-01 -1.206295541038601531e-03
9.999999832654097309e-01 1.754699543282137132e-04 -5.176364876812446735e-05 1.302314007573021582e-03 -1.754527036819058085e-04 9.999999291388798062e-01 3.330744421962029836e-04 4.214616732422896660e-03 5.182208965725439175e-05 -3.330653545502098396e-04 9.999999431909687431e-01 -2.242881617504644161e-03
9.999999989448359328e-01 -3.144796567997694067e-05 -3.348661725231768312e-05 4.942142925860606127e-03 3.146191547169027865e-05 9.999999127026668599e-01 4.166591009851679239e-04 2.556673445729836045e-03 3.347351124791727445e-05 -4.166601540986456399e-04 9.999999126369162328e-01 2.812822444825547469e-04
9.999999975517305240e-01 -6.031942614698480908e-05 -3.546978699296219457e-05 3.372768814018160984e-03 6.033221865464165193e-05 9.999999331029190142e-01 3.607688747436366009e-04 -1.796648449258179351e-03 3.544802324864075474e-05 -3.607710138313216866e-04 9.999999342938544755e-01 6.716383023883977510e-05
9.999999822169244323e-01 1.875147295035602688e-04 2.010912779980748670e-05 -1.607739022927874833e-03 -1.875163594274011840e-04 9.999999791316052100e-01 8.108269890972912995e-05 -6.151179969409812515e-04 -2.009392317980879483e-05 -8.108646825826566101e-05 9.999999965106094457e-01 1.389661964912549319e-03
9.999999253201380389e-01 3.860257899329315305e-04 -1.854205815559337097e-05 2.126633990174745317e-04 -3.860256884604654670e-04 9.999999254770888246e-01 5.475823919501670717e-06 3.372178350958990583e-03 1.854417058303927518e-05 -5.468665799802909274e-06 9.999999998131037238e-01 -1.277482499818717154e-03
9.999999990880376055e-01 -3.101738279459704363e-05 -2.935722742750167345e-05 2.336391460525150295e-03 3.102193919307515174e-05 9.999999874725659099e-01 1.552176126555679077e-04 1.137519853241014331e-04 2.935241261562273956e-05 -1.552185232321394090e-04 9.999999875228229307e-01 -6.291485884352067577e-04
9.999999667171290962e-01 2.576040888933394486e-04 1.434831364362547111e-05 -2.342053529094324099e-03 -2.576022135719986325e-04 9.999999582990759528e-01 -1.305486344939546886e-04 -3.856913073313063961e-03 -1.438194290733261650e-05 1.305449339915656904e-04 9.999999913755899250e-01 2.952957957485403007e-04
9.999999948955684559e-01 9.032575321689533562e-05 -4.527826501455946712e-05 1.933725449964922814e-03 -9.030784215987417330e-05 9.999999177423888330e-01 3.954234554905520669e-04 7.605546308633939073e-03 4.531397821153435582e-05 -3.954193644897298918e-04 9.999999207950815983e-01 -1.208441036471971913e-03
9.999998554074106538e-01 5.373175529056503467e-04 -2.179461049459309907e-05 -7.732446231907153661e-04 -5.373167250844110548e-04 9.999998549244621948e-01 3.797092969608972308e-05 4.946560661744826490e-03 2.181500977975411464e-05 -3.795921359703923961e-05 9.999999990416017503e-01 -1.609794210318162087e-03
9.999999805595839453e-01 1.922900623229898038e-04 -4.365047176690018701e-05 1.100271983384264966e-03 -1.922814678220001168e-04 9.999999621463302457e-01 1.968125380818411675e-04 3.322318582525224558e-03 4.368831520978334984e-05 -1.968041410789410860e-04 9.999999796797304219e-01 -2.658785779438246465e-03
9.999999926213277712e-01 1.187647706984882131e-04 -2.553965018738702742e-05 1.348343327871313543e-03 -1.187660179519420240e-04 9.999999917546439354e-01 -4.883999455623155096e-05 8.088552596562373007e-04 2.553384950604912793e-05 4.884302743840987455e-05 9.999999984811905884e-01 -1.997767758414200050e-03
9.999999962552653665e-01 7.929448848422431938e-05 -3.466775709313485318e-05 2.739261627967072218e-03 -7.928051503268468598e-05 9.999999156997790850e-01 4.028834009563977340e-04 4.863342543939863302e-03 3.469970060383289063e-05 -4.028806509700689109e-04 9.999999182415525434e-01 -3.088585744762718539e-04
9.999999978725415684e-01 -6.513727539949752850e-05 -3.471638493534253024e-06 -7.678261161496030551e-04 6.513821230031156600e-05 9.999999612773037283e-01 2.705594283161201160e-04 2.029495792355737530e-03 3.454014855108892524e-06 -2.705596538768413671e-04 9.999999633927710851e-01 9.958602299918097728e-04
9.999999936204999607e-01 1.122280243442204297e-04 -1.280119192375534075e-05 -9.589324119601305187e-04 -1.122224542290111045e-04 9.999998993953930215e-01 4.342986582280764906e-04 3.705702888282869957e-03 1.284993111628474219e-05 -4.342972188762934385e-04 9.999999056103979767e-01 1.296584609405939054e-03
9.999999998376620791e-01 -6.583907460369135406e-06 -1.677283207113218090e-05 -3.339432689157754118e-03 6.587279303308199298e-06 9.999999797701835114e-01 2.010379074110832235e-04 3.256280752912891173e-03 1.677150811684244760e-05 -2.010380178657767379e-04 9.999999796512157868e-01 -6.589718466644782762e-04
9.999999332322810908e-01 3.651860493789240553e-04 -1.321297836148503068e-05 1.851223378477279830e-03 -3.651838712876846770e-04 9.999999197946125573e-01 1.644734279800118314e-04 5.218728104472028853e-03 1.327304070312481175e-05 -1.644685918319069122e-04 9.999999863869541983e-01 1.827410592127216848e-05
9.999998916443033625e-01 4.654096285091777153e-04 -1.025959478648184605e-05 3.341202518400155849e-03 -4.654116429873614812e-04 9.999998722460370359e-01 -1.972306068199216028e-04 3.573452175531921429e-03 1.016780045232725523e-05 1.972353603837277475e-04 9.999999804974140094e-01 -1.142189083381711960e-03
9.999999906549389417e-01 1.367066363712292061e-04 -1.190642784211150557e-06 7.549880720787369159e-05 -1.367066404523169959e-04 9.999999906497708535e-01 -3.428227445476306091e-06 3.604171954189648065e-03 1.190174111635580972e-06 3.428390182214319911e-06 9.999999999934148232e-01 5.788933338457535882e-05
9.999999842046336518e-01 1.776501055864357348e-04 5.583225012719185036e-06 -8.319634782533152223e-04 -1.776502319444385177e-04 9.999999839639266419e-01 2.263938174490568350e-05 -4.296359546723438685e-03 -5.579203034628784405e-06 -2.264037324852686005e-05 9.999999997281430186e-01 5.371645872717936091e-04
9.999999826234527989e-01 1.787596977468175865e-04 -5.289673428999796298e-05 -2.398136029763359243e-03 -1.787383406367136691e-04 9.999999026279727810e-01 4.034806694858503900e-04 5.955621264844959684e-03 5.296885522185967789e-05 -4.034712078002374394e-04 9.999999172026390326e-01 -2.331581117856508945e-03
9.999999316199283950e-01 3.694339882293165328e-04 -1.669332027837794016e-05 1.634202162592233477e-03 -3.694300469170806451e-04 9.999999040327995914e-01 2.354906200713669569e-04 -1.367429510005513382e-04 1.678031691533028751e-05 -2.354844369544078207e-04 9.999999721327500479e-01 -2.216644524805685273e-05
9.999999157440792041e-01 4.104939914644078623e-04 -2.552925901739730375e-06 -3.975000779896536475e-03 -4.104936612070291262e-04 9.999999075495046297e-01 1.280466178292430477e-04 7.904054012581537142e-03 2.605488032966709889e-06 -1.280455590806571747e-04 9.999999917987730802e-01 -2.911939228244114254e-04
9.999999432031058122e-01 3.359634755240786591e-04 -2.687616344068001478e-05 -1.958287385122995522e-03 -3.359510048069260391e-04 9.999998365352134044e-01 4.626731771423897121e-04 4.909108916549583326e-03 2.703160033599821788e-05 -4.626641217898769579e-04 9.999998926055957416e-01 -1.238933765011275578e-04
9.999999628053061196e-01 2.723691675742946172e-04 -1.429765463330259193e-05 6.663902504589054761e-03 -2.723692968191299374e-04 9.999999628666359497e-01 -9.038414301376663520e-06 2.718063018509521336e-03 1.429519231700312039e-05 9.042308207334246437e-06 9.999999998569421011e-01 -3.021837944651910388e-04
9.999999299362639649e-01 3.736959451376128732e-04 -2.188167763314584016e-05 -5.945223402059260365e-04 -3.736914556460321866e-04 9.999999092023093006e-01 2.048171601146203614e-04 -1.443507777680678875e-03 2.195821498856947703e-05 -2.048089687683982195e-04 9.999999787855613498e-01 -9.892975148874461402e-04
9.999999729656228187e-01 2.325131329848331078e-04 -2.529132954286303447e-06 2.017350108529190195e-04 -2.325135311064015892e-04 9.999999603965419315e-01 -1.585697712815592421e-04 5.794634196813590495e-03 2.492263299806528897e-06 1.585703550523580871e-04 9.999999874246154885e-01 -1.172993123644268647e-03
9.999999229532270384e-01 3.923315453399791697e-04 1.301915703725165149e-05 1.692279428580219149e-03 -3.923330080900182108e-04 9.999999167045553472e-01 1.125419620624408399e-04 -7.555837538152261612e-04 -1.297500219092362587e-05 -1.125470612364890699e-04 9.999999935824041009e-01 1.789215290296747177e-03
9.999998992491031524e-01 4.487257661520750751e-04 -1.212313585564146839e-05 1.556662148977552623e-03 -4.487223645817484488e-04 9.999998603629600691e-01 2.791456608121255169e-04 3.447788904886143688e-03 1.224839401331861197e-05 -2.791401927657624865e-04 9.999999609653640320e-01 3.534538075567498702e-04
9.999999999757746005e-01 -4.099091661989345908e-06 -5.625680788330594802e-06 -6.074784213587923129e-04 4.098683853732504788e-06 9.999999973643040052e-01 -7.248856938714690263e-05 -7.888977964556698544e-04 5.625977910793375659e-06 7.248854632750381330e-05 9.999999973568794998e-01 -6.408088818649002039e-04
9.999999957865470801e-01 8.983762299121024236e-05 -1.887080448975993880e-05 1.289227360863937251e-03 -8.983385000592913287e-05 9.999999759962300283e-01 1.998434858574423358e-04 6.164883408484447998e-03 1.888875750052920066e-05 -1.998417897783912045e-04 9.999999798532367423e-01 -4.010005944305296364e-04
9.999988747655230714e-01 1.500112984408223616e-03 1.134555439009047941e-05 -6.820328219139990510e-04 -1.500113607039344323e-03 9.999988733125454443e-01 5.507091404287921998e-05 -2.455128941414093380e-03 -1.126292901397773043e-05 -5.508787169570805031e-05 9.999999984192363689e-01 1.136496595783222964e-03
9.999989708057385185e-01 1.434690395240600415e-03 -7.136766431927777949e-06 4.296178318568253697e-03 -1.434692051683264004e-03 9.999989425596331749e-01 -2.377779056303487863e-04 6.369780924464722022e-04 6.795621207814577349e-06 2.377878999727674441e-04 9.999999717053666970e-01 -9.487937521652691636e-04
9.999964178587186225e-01 2.676590486716548967e-03 1.153678560469738012e-05 2.464993464001634382e-03 -2.676592038768761412e-03 9.999964085799631919e-01 1.366829665891145516e-04 -1.735815013051891093e-04 -1.117089984318578018e-05 -1.367133562399199724e-04 9.999999905923345755e-01 1.944446827975685257e-03
9.999955266189859415e-01 2.991108914832470329e-03 3.078404453356266283e-06 2.744467151300167707e-03 -2.991108913638382966e-03 9.999955266236508766e-01 -3.924223934059138729e-07 -3.057473728969714675e-03 -3.079564460613887507e-06 3.832127949508117140e-07 9.999999999951847407e-01 6.556780352907441017e-04
9.999962473488970272e-01 2.739557549335902391e-03 -1.060930396160637615e-05 -7.214370661546426478e-05 -2.739556707473196975e-03 9.999962443209133856e-01 7.856917041488367421e-05 7.117899657002987185e-03 1.082450888042051914e-05 -7.853981078237002222e-05 9.999999968571640085e-01 -4.324831602430397027e-04
9.999969318830612686e-01 2.477097964037718730e-03 -1.449622983804211727e-05 1.853283341946085870e-03 -2.477095832552117863e-03 9.999969214441623011e-01 1.452530009203069350e-04 3.750906293272460168e-03 1.485599112343918555e-05 -1.452166467165948681e-04 9.999999893457124367e-01 1.204669446510403964e-04
9.999962398209368830e-01 2.742322782164238054e-03 3.121815804774074675e-06 -9.352905142278019127e-04 -2.742323467096153926e-03 9.999962095726566691e-01 2.459721957965158370e-04 5.147522061260314391e-04 -2.447268815446339683e-06 -2.459798319257564848e-04 9.999999697439660995e-01 1.830178224812265605e-03
9.999964662263565174e-01 2.655034187166961743e-03 -1.353819203834110156e-04 -1.295626048469610513e-03 -2.655000000671873823e-03 9.999964437099091441e-01 2.520764386154746191e-04 -8.038238104791525784e-03 1.360507104883324468e-04 -2.517161088356908126e-04 9.999999590646014846e-01 -4.230214979189902275e-03
9.999758767691062644e-01 6.944225598140878891e-03 -1.536577345806825466e-04 6.293404049805607914e-02 -6.944232995630489347e-03 9.999758873875278509e-01 -4.766160625727698197e-05 -8.448223663963390709e-03 1.533230565450549566e-04 4.872749161585347754e-05 9.999999870588358597e-01 -2.725118146719085130e-03
9.999678634544378886e-01 8.015863529241764804e-03 -1.341277273298643576e-04 9.310469805344828709e-02 -8.015869933685320151e-03 9.999678712807964498e-01 -4.727958077087606495e-05 -6.672281235222466897e-03 1.337444313105964357e-04 4.835321178525146850e-05 9.999999898871969606e-01 4.809148850807690861e-03
9.999693178879371924e-01 7.831577464485647150e-03 -1.722705763745392986e-04 1.049051385257671332e-01 -7.831574488701708442e-03 9.999693325893165285e-01 1.794170363123688699e-05 -1.238708855695554861e-02 1.724058051238578422e-04 -1.659200329078669328e-05 9.999999850004718249e-01 1.741888742481068411e-03
9.999545701988205026e-01 9.528189228373812325e-03 -2.667368000625391705e-04 1.271955480153021956e-01 -9.528201246560893262e-03 9.999546046999573390e-01 -4.382187884854270673e-05 -2.140972620321866804e-02 2.663071483114561305e-04 4.636140994015885058e-05 9.999999634655605263e-01 -2.354079903330829650e-03
9.999444682611012825e-01 1.053388572589162610e-02 -3.124828590430337501e-04 1.583870971776292214e-01 -1.053392878024499331e-02 9.999445073222410496e-01 -1.364570748999608654e-04 -2.170269051961124657e-02 3.110280952989460121e-04 1.397411693835132944e-04 9.999999418669630602e-01 1.480441798586250822e-03
9.999541329675220025e-01 9.571876624167655057e-03 -3.333752586855651687e-04 1.693255661056110029e-01 -9.571812054703303374e-03 9.999541701941960792e-01 1.947440014937073974e-04 1.020322181183164548e-02 3.352240457177943110e-04 -1.915440638444396442e-04 9.999999254678526572e-01 8.514307608733307289e-04
9.999531794635154736e-01 -9.665713681226361167e-03 -4.613673580107376083e-04 1.665479031713045233e-01 9.666008749804633551e-03 9.999530771692503039e-01 6.416654861685794917e-04 1.072888827727633276e-01 4.551435544798537714e-04 -6.460950239656795520e-04 9.999996877027336195e-01 -2.745891870752595332e-03
9.984684964267936946e-01 -5.531929510934403132e-02 -6.612350740258595870e-04 1.989507250507389635e-01 5.532013715096865264e-02 9.984677811484535814e-01 1.331327939232856191e-03 1.819090779872155894e-01 5.865737940223962913e-04 -1.365868620720953053e-03 9.999988951664372516e-01 -7.241270600503701624e-03
9.968225913238193403e-01 -7.965194472375006218e-02 -5.377064166700606419e-04 2.520590919781025563e-01 7.965193136336326529e-02 9.968227363433311838e-01 -4.625018555341524286e-05 2.418779327158954162e-02 5.396818988375811591e-04 3.273875218319182134e-06 9.999998543663543016e-01 -2.180919163919497680e-03
9.972579188234425018e-01 -7.400313998061616716e-02 -4.226309802862437915e-04 2.855607941935414118e-01 7.400278190109174647e-02 9.972577076498038151e-01 -8.079628443885475408e-04 -1.749465248529034900e-02 4.812637900544713921e-04 7.744714764228242520e-04 9.999995842894618958e-01 1.299322717798380954e-03
9.973341178563968068e-01 -7.296815201212049351e-02 -5.533096230725585924e-04 2.973738914194171690e-01 7.296811078160535258e-02 9.973342698933667094e-01 -9.436751864739265170e-05 1.238476918295778467e-02 5.587204723977136833e-04 5.374198809160766555e-05 9.999998424716037837e-01 1.684005114144240638e-03
9.974465825616098957e-01 -7.141401793039023338e-02 -5.941205294455853114e-04 3.240898928096712095e-01 7.141385331601668440e-02 9.974467280052008444e-01 -2.938473708685089927e-04 -6.576709023489779593e-03 6.135883995482182759e-04 2.506686195256470980e-04 9.999997803372354666e-01 -3.074942924856902647e-03
9.974891094086857368e-01 -7.081741014642588261e-02 -6.091233206742143304e-04 3.409988689310685661e-01 7.081713707636817789e-02 9.974892092714342517e-01 -4.587846506753743159e-04 4.900098467290947557e-03 6.400838802638749792e-04 4.144963229159557856e-04 9.999997092426700096e-01 -1.410209944259810909e-03
9.976678818807633853e-01 -6.825211081390923640e-02 -6.684556807413001176e-04 3.613703834663570258e-01 6.825194485527462385e-02 9.976680811661366999e-01 -2.680405777502415168e-04 -5.372041866619572253e-03 6.851912315650102560e-04 2.217920752020292353e-04 9.999997406605921624e-01 -1.660529382551993120e-03
9.977517992299004268e-01 -6.701345449163505219e-02 -7.375978539165562722e-04 3.806035471066817610e-01 6.701327543995509728e-02 9.977520487362310231e-01 -2.648725398440392436e-04 -4.451192924785334765e-04 7.536897937836134790e-04 2.148482050475536843e-04 9.999996928959246079e-01 -1.672172289012603544e-03
9.978834324495777786e-01 -6.502399325850817535e-02 -7.318082853003634366e-04 4.270358401820565364e-01 6.502321486919902804e-02 9.978832080394759441e-01 -1.041460953599505695e-03 -6.713266959932897779e-03 7.979791494312485009e-04 9.916721037619396616e-04 9.999991899075296731e-01 -4.472177279140794603e-04
9.980377911487872122e-01 -6.261253801495919591e-02 -4.873624677740901064e-04 4.303519321375756101e-01 6.261206753069423203e-02 9.980375089467549143e-01 -9.272188996624962463e-04 -7.316652971282103235e-04 5.444615518947026715e-04 8.948847307863696567e-04 9.999994513713180710e-01 5.227074140676217159e-03
9.980783693787247390e-01 -6.196094685284268822e-02 -6.400339092681285938e-04 4.103218197344167817e-01 6.196091298736482178e-02 9.980785740548746565e-01 -7.262479112438650203e-05 1.634216273631471442e-02 6.433040323321577089e-04 3.282814774077270491e-05 9.999997925410958333e-01 -4.070434807039809491e-03
9.981050250867673501e-01 -6.152949913338931487e-02 -6.925553679620385233e-04 4.192498411625635857e-01 6.152950895377411189e-02 9.981052647276046352e-01 -7.137631867111818241e-06 1.609511785371395276e-02 6.916823337920559485e-04 -3.548848548022081960e-05 9.999997601580294937e-01 -4.473366841850196646e-03
9.980945679610120358e-01 -6.169880405266942036e-02 -7.007033545614846674e-04 4.299371341178233052e-01 6.169911818923022595e-02 9.980946993196213590e-01 4.358953383698008200e-04 1.621274194146379855e-02 6.724740829137447170e-04 -4.782975485151046255e-04 9.999996595049734927e-01 -5.128703872552046322e-03
9.981700317752124629e-01 -6.046564569362562758e-02 -7.023935678583483923e-04 4.311620287737442103e-01 6.046574566688575625e-02 9.981702653989662499e-01 1.219602585241529090e-04 1.398844370638469871e-02 6.937339682630699628e-04 -1.642078259585461953e-04 9.999997458844532838e-01 -4.898117597571154461e-03
9.982054470006450630e-01 -5.987779977292664174e-02 -7.312130986596267809e-04 4.404052458359850042e-01 5.987818079983336234e-02 9.982055612704702208e-01 5.107962490224968437e-04 1.609481407027976360e-02 6.993156260321213742e-04 -5.536633082065017981e-04 9.999996022072190627e-01 -5.374716313042930856e-03
9.982615826948012527e-01 -5.893458836779736504e-02 -7.258164980651195339e-04 4.609653901635117346e-01 5.893495975891203248e-02 9.982616987242485251e-01 5.013764983101750162e-04 1.149511986044122330e-02 6.950063927753736062e-04 -5.432808628349149963e-04 9.999996109059333671e-01 -6.478232315226915318e-03
9.982721303836628035e-01 -5.875535567123495867e-02 -7.495860257422994619e-04 4.706285795446963904e-01 5.875558112537964534e-02 9.982723586065171961e-01 2.823628870660036374e-04 1.510657355546955391e-02 7.317006780383309436e-04 -3.259173633586136005e-04 9.999996791959435694e-01 -6.193146774699060178e-03
9.983539139092366677e-01 -5.734787127580207727e-02 -8.271893631191248137e-04 4.867372576055992717e-01 5.734772850310981135e-02 9.983542456896743467e-01 -1.953175235944473948e-04 1.372821957173077714e-02 8.370290568603188470e-04 1.475585831187603623e-04 9.999996388043460582e-01 -4.729152011330386637e-03
9.982537385905417837e-01 -5.906564184908780907e-02 -8.504957152522305388e-04 4.693647843700771149e-01 5.906585475299696436e-02 9.982540623957377734e-01 2.274042750211093542e-04 3.718860035053002389e-02 8.355790233373594196e-04 -2.772424240964286831e-04 9.999996124720919033e-01 -2.954953511386357486e-03
9.982964498513680063e-01 -5.833882376289301758e-02 -8.830946253015330583e-04 4.756563304577791640e-01 5.833898754886817500e-02 9.982968179169845468e-01 1.608371722852469329e-04 1.622157211132541077e-02 8.722075029096410751e-04 -2.120820244464333691e-04 9.999995971375622572e-01 -1.369300157186223617e-03
9.982863504546349853e-01 -5.850982654794992938e-02 -9.811693505689382967e-04 4.775013815926777982e-01 5.850969567626285867e-02 9.982868272204851179e-01 -1.615856691446685269e-04 1.660491931242771141e-02 9.889427874197381698e-04 1.039008478275362223e-04 9.999995055982663361e-01 -1.512346479775579641e-03
9.983002638387850070e-01 -5.827248510728399306e-02 -9.490515441812840368e-04 4.781419088037724974e-01 5.827224349335542036e-02 9.983006897071938779e-01 -2.803005387666492780e-04 2.043674289301344177e-02 9.637726200946966203e-04 2.245207391346228359e-04 9.999995103662673301e-01 1.121991307487932603e-03
9.982922457595836407e-01 -5.840964808941764147e-02 -9.513497556359046389e-04 4.736112606479602749e-01 5.840893644244429112e-02 9.982924518556258731e-01 -7.594153971586110581e-04 1.767123238278073619e-02 9.940824662277374883e-04 7.025511748824034156e-04 9.999992591106739992e-01 3.250402201192902941e-03
9.982698697807401711e-01 -5.879084515309231096e-02 -9.505862028981902287e-04 4.790699388103594192e-01 5.879084375216105107e-02 9.982703220191164739e-01 -2.944076374096861988e-05 1.932388679887229316e-02 9.506728422563894779e-04 -2.649593754160527661e-05 9.999995477594538773e-01 2.520718339503563200e-03
9.983139854162013105e-01 -5.803742367728891710e-02 -9.186812959334998956e-04 4.804848103437538986e-01 5.803725405965696332e-02 9.983143958376738958e-01 -2.102486029685030186e-04 2.068530312409997546e-02 9.293350501652644039e-04 1.565763809857273817e-04 9.999995559100021136e-01 1.484273244623902661e-03
9.983127736435184474e-01 -5.805810264202052734e-02 -9.288152634561476755e-04 4.774114434595032597e-01 5.805796079839065787e-02 9.983131979268077272e-01 -1.789778838175395037e-04 9.240503834227316304e-03 9.376396522934675980e-04 1.247507874600513723e-04 9.999995526344617192e-01 1.808893248637198940e-03
9.983583571424858860e-01 -5.726800295904104637e-02 -9.831382607709878568e-04 4.884350208114406344e-01 5.726765361691265460e-02 9.983587889740320742e-01 -3.799046162158630315e-04 1.547112464181949962e-02 1.003281102102962768e-03 3.229789271407488009e-04 9.999994445556671385e-01 2.754269357457402381e-03
9.984042039528893131e-01 -5.646348825313029368e-02 -9.591785474712756542e-04 4.889374946948588652e-01 5.646327109004904005e-02 9.984046451740796746e-01 -2.520171258983882820e-04 1.595930758927915222e-02 9.718780833743993113e-04 1.974565996154453371e-04 9.999995082318202666e-01 2.564189180380692726e-03
9.984444407462974569e-01 -5.574714675946047804e-02 -9.769191330461265543e-04 5.034807169362429669e-01 5.574675443955430520e-02 9.984448504068723640e-01 -4.243412002884474027e-04 2.251971756117051790e-02 9.990556888224168524e-04 3.692210413903868125e-04 9.999994327816157380e-01 3.491893399708207758e-03
9.984960924367130009e-01 -5.481448127615901056e-02 -9.623050663903247662e-04 5.152911468075368484e-01 5.481395044144578288e-02 9.984964228142446663e-01 -5.696175558566052288e-04 2.828763101527122584e-02 9.920814572968368085e-04 5.160131614874998666e-04 9.999993747522041287e-01 3.820283878027356389e-03
9.985097245834017032e-01 -5.456491504522883312e-02 -9.999792428896780039e-04 5.370579687706183991e-01 5.456430557234042550e-02 9.985100617711382132e-01 -6.269762403540079729e-04 2.525908893040581041e-02 1.032700240877921670e-03 5.714787001011871394e-04 9.999993034709113715e-01 2.860829116805779955e-03
9.984371461856668128e-01 -5.587455541836981038e-02 -1.139812888542927416e-03 5.408396112593824023e-01 5.587484857502591357e-02 9.984377545850777746e-01 2.269709801447568646e-04 1.338190943766782645e-02 1.125350318475472127e-03 -2.903031302338936583e-04 9.999993246551486248e-01 2.210116398119083090e-03
9.980982467854562223e-01 -6.163172856621449563e-02 -1.191552658918033003e-03 5.594175237077551044e-01 6.163160886677692546e-02 9.980989560324222687e-01 -1.369506534609118953e-04 5.247865088529850980e-03 1.197727970424814067e-03 6.325289969685447605e-05 9.999992807231310454e-01 1.110262219990603306e-03
9.972462059220653652e-01 -7.415314375107742717e-02 -1.147190427840522314e-03 5.942801778579490657e-01 7.415200439134211896e-02 9.972464432863701322e-01 -1.005781999761387688e-03 -3.431093593402839703e-02 1.218613471146682333e-03 9.179458136038154848e-04 9.999988361776683821e-01 4.661700889054827546e-03
9.956293706553922540e-01 -9.338583413779483200e-02 -1.114571996694949411e-03 6.028775136014560276e-01 9.338400207248956364e-02 9.956288870943440505e-01 -1.596038910290856726e-03 -4.647548044163472836e-02 1.258747501609802253e-03 1.484980022145103787e-03 9.999981051927353537e-01 4.157401198907587254e-03
9.934133147424911714e-01 -1.145800462327117575e-01 -1.182834580889258148e-03 6.112107095544612179e-01 1.145787957635560350e-01 9.934135804766198730e-01 -1.075958175611026061e-03 -1.734483640383831238e-02 1.298327273618735686e-03 9.333434158922510829e-04 9.999987216073621399e-01 4.638294999955929095e-03
9.921354420272154861e-01 -1.251620124246007881e-01 -1.317315180939559018e-03 6.144698543286413184e-01 1.251613578452884790e-01 9.921362362872500062e-01 -5.684611628889912806e-04 4.319160948357592816e-02 1.378105868753846551e-03 3.991135103615672287e-04 9.999989707657804816e-01 2.067961021440390800e-03
9.919254575670538587e-01 -1.268163131236733077e-01 -1.228558549385670891e-03 6.229423806219683835e-01 1.268157764272487276e-01 9.919261581285708784e-01 -5.056376641716734668e-04 3.724669679520709736e-02 1.282762466274856190e-03 3.457542650699452517e-04 9.999991174868322341e-01 2.706779917901562353e-03
9.917404682472127364e-01 -1.282544156917242995e-01 -1.283937838650043911e-03 6.455023003447611929e-01 1.282535993689931098e-01 9.917411582610002885e-01 -6.994712483735931888e-04 5.603007529405518161e-02 1.363044275491236265e-03 5.290242942145761051e-04 9.999989311212282850e-01 6.775157829059194094e-03
9.917915005909265780e-01 -1.278583442937401560e-01 -1.364972549696714683e-03 6.532094383863028542e-01 1.278569439266707408e-01 9.917920448454250471e-01 -1.068490085382601661e-03 4.935309377661704217e-02 1.490384289432874782e-03 8.851981664001201547e-04 9.999984975883093874e-01 2.173631655621158579e-03
9.916694259731196892e-01 -1.288025781125916036e-01 -1.282755507904309545e-03 6.613689742820287876e-01 1.288022269205439940e-01 9.916702383756282879e-01 -3.530727025278290526e-04 5.539574320128395901e-02 1.317547134647881245e-03 1.849096382298817600e-04 9.999991149385951683e-01 3.975037876007660349e-03
9.917065939987369516e-01 -1.285154365941628962e-01 -1.346839424700186760e-03 6.852365106224077573e-01 1.285153448205771098e-01 9.917075083787889600e-01 -1.548250058405389992e-04 5.189922004159203128e-02 1.355568173277034352e-03 -1.954855387533669135e-05 9.999990810259685725e-01 8.550372281471402269e-03
9.913508822609772286e-01 -1.312299286673715704e-01 -1.460843023275472776e-03 7.227751873992306342e-01 1.312278342736793169e-01 9.913511784930418846e-01 -1.447899270243318930e-03 1.939141338601092779e-02 1.638216170669048186e-03 1.243672952822484894e-03 9.999978847604451548e-01 4.082963143730728925e-03
9.899262320193423781e-01 -1.415775998937528202e-01 -1.355864414882151231e-03 7.410054817342349720e-01 1.415742238931478048e-01 9.899249090670109164e-01 -2.326701038616370981e-03 3.738349531483364102e-02 1.671612706327017112e-03 2.111306939951717448e-03 9.999963740404088641e-01 5.894322687384497862e-03
9.883423651163780743e-01 -1.522413204113376162e-01 -1.396307837259332238e-03 7.541469114875126722e-01 1.522387817466809568e-01 9.883421511187104880e-01 -1.773599257563730379e-03 1.238058774897500547e-02 1.650044984352873117e-03 1.540351080901485948e-03 9.999974523318032604e-01 7.683488467912940635e-03
9.855483962387020513e-01 -1.693881949190694514e-01 -1.413539310294510687e-03 7.795025293690565071e-01 1.693856236118823355e-01 9.855482524809497935e-01 -1.775540864016703167e-03 -1.490121986897762624e-02 1.693866859034716225e-03 1.510448213413795489e-03 9.999974246773131181e-01 1.036087142669723377e-02
9.813808463602011756e-01 -1.920672027449302210e-01 -1.350565464234534030e-03 7.834790689992967572e-01 1.920658434695540762e-01 9.813814539009190208e-01 -1.074109699763427499e-03 6.038750947096698657e-02 1.531721144353614993e-03 7.947131911884785203e-04 9.999985111295315310e-01 1.301497308388177912e-02
9.819189233807108508e-01 -1.892967122486403919e-01 -1.408062044478394130e-03 7.983432827815634125e-01 1.892967220437056508e-01 9.819199227841299837e-01 -1.275269241091795715e-04 7.753499643957767473e-02 1.406744601446538326e-03 -1.413204294305792129e-04 9.999990005485818179e-01 1.015112160994437879e-02
9.819162100816550831e-01 -1.893092188087507066e-01 -1.605008691456122610e-03 8.166120543673293097e-01 1.893089970761486496e-01 9.819175216497175729e-01 -2.903503040668835257e-04 8.987763125842988809e-02 1.630952145784637149e-03 -1.874291551264979888e-05 9.999986698210159286e-01 7.102153185955604152e-03
9.821529174309447940e-01 -1.880782073393331144e-01 -1.494893275967841420e-03 8.374042914454153941e-01 1.880768819505959644e-01 9.821538161136610379e-01 -9.838542140648428268e-04 9.339003586958000147e-02 1.653256672539031710e-03 6.851404204775712620e-04 9.999983986612073217e-01 1.272277237257164739e-02
9.823194593305494271e-01 -1.872055260624760631e-01 -1.603381491913634252e-03 8.571862694224554602e-01 1.872042720428766238e-01 9.823205938901985457e-01 -9.007486354037835602e-04 9.599307307127431799e-02 1.743659781509976575e-03 5.846630475218615773e-04 9.999983089084136800e-01 1.101284491574725313e-02
9.825742933118558620e-01 -1.858644467753739760e-01 -1.471579964242525438e-03 8.814510500643933932e-01 1.858623189595983438e-01 9.825746958091799987e-01 -1.471579579194425263e-03 1.001515676793110349e-01 1.719451560097392823e-03 1.172425000390522193e-03 9.999978344506306183e-01 1.651375617841271959e-02
9.827986122713940897e-01 -1.846735996123771151e-01 -1.596660148377164901e-03 9.055401932928405229e-01 1.846708022483244394e-01 9.827988731773933395e-01 -1.752049715683590830e-03 1.023812053676096123e-01 1.892753122367457803e-03 1.427055518685584057e-03 9.999971904951354684e-01 1.097278045752626136e-02
9.826774523845084319e-01 -1.853227603037355953e-01 -7.064619567640709891e-04 9.165332553537675064e-01 1.853169855240059116e-01 9.826659701672465497e-01 -5.020552913724243144e-03 1.066539712999318851e-01 1.624638848352156183e-03 4.802664746605251472e-03 9.999871473973773739e-01 5.884394372543014923e-02
9.827071195938461567e-01 -1.851619813694138361e-01 -1.325803499380964496e-03 9.713458304288461465e-01 1.851572298402371641e-01 9.827040437791708660e-01 -3.092341823772293188e-03 1.242208367916744771e-01 1.875456599259433914e-03 2.793384223180979658e-03 9.999943398175441533e-01 3.620160140637526669e-02
9.826941006795927303e-01 -1.852284519277865027e-01 -1.650783438915597078e-03 1.052405303018510541e+00 1.852228590380728124e-01 9.826917571229000226e-01 -3.066426661354974392e-03 1.429446425974869594e-01 2.190200741650224527e-03 2.707596562071503971e-03 9.999939359523978277e-01 2.569989021706777649e-02
9.829204446924826311e-01 -1.840216006461372622e-01 -1.857390956604435634e-03 1.085992371505280829e+00 1.840163558213984141e-01 9.829195178322994719e-01 -2.683701647432131052e-03 1.339052412374395484e-01 2.319524896308841708e-03 2.296074901545968900e-03 9.999946739079673685e-01 1.809217393820767780e-02
9.836188978417020889e-01 -1.802496081933275263e-01 -1.985586771502167829e-03 1.104757980539500029e+00 1.802450393029588205e-01 9.836190940498864554e-01 -2.281146017995784939e-03 1.459812072821680407e-01 2.364236737317910314e-03 1.885886166368157995e-03 9.999954268985520311e-01 1.256057629480665516e-02
9.838708828933940831e-01 -1.788682208821654740e-01 -2.060425446867691999e-03 1.146858825045187436e+00 1.788624935559692819e-01 9.838703969396679350e-01 -2.692661271131959171e-03 1.649019372861689203e-01 2.508823133279992814e-03 2.280698188948521599e-03 9.999942520946092372e-01 1.540067089694958057e-02
9.831621478765714128e-01 -1.827237330223365763e-01 -2.056300831265634073e-03 1.183439177534427511e+00 1.827223377587091080e-01 9.831641912823472218e-01 -8.486837576311822163e-04 1.645165229063653423e-01 2.176756008154289053e-03 4.586616509965990400e-04 9.999975256783243394e-01 1.844135442074184075e-02
9.804948296447922873e-01 -1.965319744905264510e-01 -2.252119598268349700e-03 1.223609244510072136e+00 1.965298756279504344e-01 9.804971967468584237e-01 -1.120337991272732847e-03 1.612734533900814782e-01 2.428379190362357862e-03 6.558768233505987526e-04 9.999968363950459960e-01 1.312428642250793899e-02
9.768823871019421956e-01 -2.137670306359731598e-01 -2.111488358963650377e-03 1.252406623321296708e+00 2.137649336264217659e-01 9.768844200685975476e-01 -1.176001246284431954e-03 1.203440181916328455e-01 2.314070375470227495e-03 6.974527357983678622e-04 9.999970793147241466e-01 2.046451300831042541e-02
