1.000000000000000000e+00 0.000000000000000000e+00 0.000000000000000000e+00 0.000000000000000000e+00 0.000000000000000000e+00 1.000000000000000000e+00 0.000000000000000000e+00 0.000000000000000000e+00 0.000000000000000000e+00 0.000000000000000000e+00 1.000000000000000000e+00 0.000000000000000000e+00
9.999845282246119238e-01 -5.534598012979332834e-03 -5.581543111725675811e-04 4.170779505951662837e-03 5.534673839592409855e-03 9.999846745437062090e-01 1.343994322618889605e-04 5.657592382119619283e-03 5.574019103723241953e-04 -1.374865549285632295e-04 9.999998352002651414e-01 -7.030874001237872976e-03
9.999297785979630593e-01 -1.183492375222378219e-02 -6.102891181172175831e-04 6.930637485257985786e-02 1.183497522101927164e-02 9.999299609642976483e-01 8.079267375168211224e-05 3.356256000003788459e-02 6.092901989222954812e-04 -8.800975696743192328e-05 9.999998105098500956e-01 -2.970962120449869431e-03
9.996630955047306477e-01 -2.594242458981106322e-02 -8.283068886664691956e-04 8.234567841279830103e-02 2.594252226987766793e-02 9.996634303622000672e-01 1.073999797889859666e-04 9.200226569294575607e-02 8.252418898403405135e-04 -1.288521661585261663e-04 9.999996511864104320e-01 -2.441697358668125633e-03
9.991049718506317401e-01 -4.229072764871919660e-02 -8.657818952644660056e-04 1.376796045241973909e-01 4.229078685842737467e-02 9.991053432086512975e-01 5.018782812626087657e-05 1.041427290758875912e-01 8.628848378414725930e-04 -8.675750620584703828e-05 9.999996239513752050e-01 2.183215051441510408e-03
9.982462457202913031e-01 -5.918852868366515640e-02 -1.072836244117763736e-03 1.958045199148920890e-01 5.918854889658106688e-02 9.982468209377897139e-01 -1.292723847419535724e-05 1.543685869201971150e-01 1.071720514302626709e-03 -5.059505321859221136e-05 9.999994244274742483e-01 5.587224298790347508e-03
9.968610383253945217e-01 -7.915943941049757848e-02 -1.361404066423020599e-03 2.911916815913338508e-01 7.915944061874893856e-02 9.968619664443599815e-01 -5.308116824606202939e-05 1.344648166901729613e-01 1.361333810301413151e-03 -5.485343586084207940e-05 9.999990718802480583e-01 6.141946520800446729e-03
9.964190991030816846e-01 -8.454086764190338332e-02 -1.349311289991763198e-03 3.624871000952038513e-01 8.454071363002013673e-02 9.964200111102706758e-01 -1.708740323378214710e-04 1.290587704518413315e-01 1.358926609516116499e-03 5.619040999721622683e-05 9.999990750801261985e-01 1.105339986184425936e-02
9.960902418096364563e-01 -8.832989490332145144e-02 -1.435213568868399289e-03 4.188240809833920220e-01 8.832999382654939391e-02 9.960912669829322663e-01 5.562247135683837085e-06 1.384726094314209510e-01 1.429112389500298511e-03 -1.323129057723139131e-04 9.999989700650061542e-01 2.448148885113557785e-02
9.957477942565442497e-01 -9.210574876678981338e-02 -1.691531062613064063e-03 4.796846438968671023e-01 9.210568145530906303e-02 9.957492302598301981e-01 -1.178159956744223824e-04 1.527416416019281853e-01 1.695192284055848601e-03 -3.848460340385467967e-05 9.999985624199944079e-01 2.002219367527687324e-02
9.948205965036486242e-01 -1.016306872769409536e-01 -1.784425885667133456e-03 5.142108664395207418e-01 1.016307948593677818e-01 9.948221854205360204e-01 -3.051821972359098755e-05 1.710225165199180664e-01 1.778288046945330700e-03 -1.509924675783298894e-04 9.999984074451803151e-01 2.646701887890443375e-02
9.938904441418352498e-01 -1.103472303551282785e-01 -2.296474797990951701e-03 6.790495171302672883e-01 1.103470452908124066e-01 9.938930961272991471e-01 -2.075236821203814853e-04 1.828371230263281522e-01 2.305350110708623106e-03 -4.715340395054182666e-05 9.999973415651781661e-01 2.486347803656224070e-02
9.927485745606251522e-01 -1.201853554773319455e-01 -2.397506336623399931e-03 7.135139613022173366e-01 1.201852336147633260e-01 9.927514650984150535e-01 -1.953609865141768260e-04 2.078325508277425460e-01 2.403607457876222493e-03 -9.420051827325214065e-05 9.999971068945403552e-01 2.695708995804895966e-02
9.909533183394498845e-01 -1.341823420536039924e-01 -2.572926940785935819e-03 7.596688858916359477e-01 1.341822027230281378e-01 9.909566512843587249e-01 -2.274811775761654414e-04 2.518386959778805556e-01 2.580183022420821926e-03 -1.198177765812121864e-04 9.999966641440716231e-01 3.353555838995426336e-02
9.872887369519878220e-01 -1.589137699185470542e-01 -2.713598721940889674e-03 7.520815922815541343e-01 1.589139293419464805e-01 9.872924278308522483e-01 -1.581422280847385466e-04 3.061381156912343915e-01 2.704246447991982914e-03 -2.750965949363560494e-04 9.999963056796820071e-01 3.065270150610092253e-02
9.786494382470855014e-01 -2.055135590838030601e-01 -3.074744114913876940e-03 8.139360930257480975e-01 2.055140508562452728e-01 9.786541522725070719e-01 -1.585573626509928198e-04 3.529678459219711684e-01 3.041696783153267046e-03 -4.767310445140178921e-04 9.999952603928633499e-01 2.807678884574581896e-02
9.687997588250359948e-01 -2.478231905497412790e-01 -3.270095762929334932e-03 9.640047899658845676e-01 2.478242856357969481e-01 9.688049949341350775e-01 -7.238630717150261072e-05 2.563273634128854228e-01 3.186024114634246514e-03 -7.402813094786219513e-04 9.999946506026539117e-01 3.298715080417890383e-02
9.552953272616846458e-01 -2.956345984197270571e-01 -3.319929095268733983e-03 1.040392444133720451e+00 2.956348017271509532e-01 9.553009316007726737e-01 -4.405569702573561633e-04 2.515862009626125273e-01 3.301775240541777318e-03 -5.606245647485543632e-04 9.999943919744541665e-01 4.565573262676703159e-02
9.514161121876284488e-01 -3.078827164484897461e-01 -3.951503774124550360e-03 1.103749545999135329e+00 3.078838373140887485e-01 9.514238957640903660e-01 -3.365855507966403703e-04 2.688776152821704124e-01 3.863183988600666675e-03 -8.963712289810994629e-04 9.999921361331248759e-01 2.789693253077075649e-02
9.477025846626874195e-01 -3.191301578232250136e-01 -3.969054217984538911e-03 1.155620886906685740e+00 3.191310693520715280e-01 9.477104966304323863e-01 -4.185100984106399644e-04 2.822177930757800435e-01 3.895073537835640805e-03 -8.700254149305570008e-04 9.999920356972410440e-01 3.445915032269155492e-02
9.378970799926797941e-01 -3.468889584883813604e-01 -4.137368735180792755e-03 1.215782796803379195e+00 3.468903544827323659e-01 9.379056047066242074e-01 -3.982797332195164874e-04 3.275497929800820218e-01 4.018620167307570233e-03 -1.061667908365791085e-03 9.999913617392918175e-01 4.090656177845057584e-02
9.284440718837961848e-01 -3.714460900070156724e-01 -4.405406035359433863e-03 1.212870924212456236e+00 3.714475503145805435e-01 9.284537979422129439e-01 -5.123006711002579773e-04 3.233878857172460819e-01 4.280508046195174131e-03 -1.160734758870205028e-03 9.999901649244786750e-01 3.223462232179383213e-02
9.165105402980188165e-01 -3.999830275060132223e-01 -4.691186391246979226e-03 1.329901034213781141e+00 3.999850628232833882e-01 9.165215007192842878e-01 -5.368775698759223336e-04 3.512848725509515324e-01 4.514315107258607893e-03 -1.384350531777786206e-03 9.999888522042220673e-01 3.934174403630574107e-02
9.088898143420753861e-01 -4.170070270786316313e-01 -4.944163454939485940e-03 1.374379424721003717e+00 4.170093646633979412e-01 9.089019929665207442e-01 -5.974650750319327472e-04 4.122059227192387820e-01 4.742907152469115657e-03 -1.518732540014657625e-03 9.999875990647159041e-01 3.670242364975288829e-02
8.998136221658995515e-01 -4.362447417711382003e-01 -5.096139883940972032e-03 1.396601384070037533e+00 4.362473162956717609e-01 8.998265676451636663e-01 -6.535937177277406857e-04 4.335660188288348871e-01 4.870768882619603418e-03 -1.635064817263109493e-03 9.999868009996609741e-01 3.640624448043199013e-02
8.895430953536236363e-01 -4.568209338876206838e-01 -5.264586473434954353e-03 1.455313426388927134e+00 4.568238767809058576e-01 8.895568875887668314e-01 -6.995328797333480149e-04 4.912792569194446290e-01 5.002710421155605672e-03 -1.782724159303236255e-03 9.999858972920637745e-01 3.747101982876470394e-02
8.688785399811325139e-01 -4.949950588383698613e-01 -5.474895967437171627e-03 1.505004013620196313e+00 4.949983872018835496e-01 8.688935014754759489e-01 -8.244763314969352471e-04 5.654584288928579117e-01 5.165213237580615867e-03 -1.993694882819438928e-03 9.999846727590001594e-01 4.466109562616425027e-02
8.596905144079375338e-01 -5.107818942993939126e-01 -5.837456033112668405e-03 1.591952474435293974e+00 5.107859571170038082e-01 8.597074637572279521e-01 -8.847441329524792378e-04 6.230539591278959621e-01 5.470415805221362851e-03 -2.221084428224561185e-03 9.999825705155468425e-01 4.479459380953121350e-02
8.294053792133051495e-01 -5.586092870905547958e-01 -6.510092796236676728e-03 1.808499995429587059e+00 5.586141726843425470e-01 8.294267527712363419e-01 -1.211554187822328973e-03 7.715988519951202385e-01 6.076430549353012585e-03 -2.631760540879801800e-03 9.999780751737681328e-01 4.341971702957680979e-02
8.076689327760233628e-01 -5.895976123215029840e-01 -6.749116477138246764e-03 1.900221153974710031e+00 5.896029022048925317e-01 8.076920757316262689e-01 -1.388708718473659906e-03 8.210779771915259762e-01 6.269987241396435262e-03 -2.857681773653190926e-03 9.999762601756470026e-01 4.199265908594536356e-02
7.768307991080347641e-01 -6.296746721009457426e-01 -6.611873542253327192e-03 1.930158919346894875e+00 6.296798044008579121e-01 7.768532583355964860e-01 -1.535885107843983164e-03 8.785561788862877863e-01 6.103563456668805419e-03 -2.970240383144710696e-03 9.999769618272196237e-01 4.956419027076231637e-02
7.043250938334499889e-01 -7.098452656101562619e-01 -6.772081463527164676e-03 1.984457256225919064e+00 7.098515557011905175e-01 7.043489033987553327e-01 -1.841507417995428240e-03 9.768188814415550425e-01 6.077093474812435454e-03 -3.510152677245327417e-03 9.999753735783101227e-01 5.239680029336621359e-02
6.419143736091286190e-01 -7.667419170331934986e-01 -7.264269974578155438e-03 2.013983670637768952e+00 7.667508743326543197e-01 6.419414508904058847e-01 -2.066479816219159941e-03 1.076421564432729294e+00 6.247692702938592753e-03 -4.243382257592019299e-03 9.999714796147466389e-01 5.006606040475228975e-02
6.382562876743174130e-01 -7.697879200852013604e-01 -7.447773835091670708e-03 2.098822907432807749e+00 7.697970524217931931e-01 6.382849898673479405e-01 -2.183985521592717201e-03 1.282071295249241905e+00 6.435007919028836940e-03 -4.339331854011497028e-03 9.999698799824636719e-01 6.721897511192317931e-02
6.367673193245261265e-01 -7.710199950660365786e-01 -7.453069745147949086e-03 2.124310788057071964e+00 7.710286656827207707e-01 6.367963997767442930e-01 -2.267581729517853095e-03 1.371417987307314457e+00 6.494438834899880948e-03 -4.302608481587321537e-03 9.999696544518108521e-01 7.192682783375742295e-02
6.373608210996342116e-01 -7.705245678519143659e-01 -7.941918144913203900e-03 2.203386388453537403e+00 7.705331366266117143e-01 6.373946581790903565e-01 -2.595204253221888163e-03 1.470279104179198937e+00 7.061804836964512971e-03 -4.465429585277007341e-03 9.999650948163458786e-01 5.848332521572016662e-02
6.440765762861735411e-01 -7.649195560388035720e-01 -7.964713986121734618e-03 2.317694453015690215e+00 7.649253037972025826e-01 6.441122069095565061e-01 -2.957113602513660854e-03 1.579848831405600285e+00 7.392123526995337569e-03 -4.187803660695724184e-03 9.999639087538415572e-01 7.133584404711322546e-02
6.394447648897776393e-01 -7.687924460473337662e-01 -8.280552856794052424e-03 2.453623547116904113e+00 7.687986202211151143e-01 6.394833941848930836e-01 -3.109679706684877025e-03 1.674943302409724444e+00 7.685974314716095129e-03 -4.377609202047657438e-03 9.999608804030823972e-01 7.431741922081259999e-02
6.309123552453744788e-01 -7.758080119451712386e-01 -8.457458271577586104e-03 2.538514733706282556e+00 7.758127860575662060e-01 6.309537741305841774e-01 -3.443239748996078115e-03 1.747254450952045124e+00 8.007558200323042566e-03 -4.389021764924606189e-03 9.999583068806496833e-01 7.167092272822203625e-02
6.140986131082251109e-01 -7.891801826117541552e-01 -8.805268390739964465e-03 2.575113953196434657e+00 7.891871301449748799e-01 6.141429155105433413e-01 -3.486106961668363532e-03 1.790490973220537851e+00 8.158859729955418236e-03 -4.808191041136862000e-03 9.999551561479238515e-01 6.497465913496719425e-02
6.082374852562493217e-01 -7.937047487387199896e-01 -8.940545775256101765e-03 2.612938814402709031e+00 7.937122981858227844e-01 6.082830758420179063e-01 -3.533744862526480048e-03 1.835440313816988356e+00 8.243132762097463498e-03 -4.946865045593770889e-03 9.999537885764957501e-01 6.376794093726867452e-02
5.788008661148968947e-01 -8.154170082069469583e-01 -9.201092950133766060e-03 2.711551093317282835e+00 8.154253322123747871e-01 5.788497442536761906e-01 -3.808039363228122535e-03 1.917918454958128294e+00 8.431190365736996109e-03 -5.298707793943706508e-03 9.999504181331847485e-01 5.945556614017556696e-02
5.356874141306450232e-01 -8.443665421297152918e-01 -9.172615435675535861e-03 2.707055137308175929e+00 8.443760966055866568e-01 5.357363468282868579e-01 -3.946412065984622984e-03 1.974420984509261512e+00 8.246321794343987321e-03 -5.631093942518581620e-03 9.999501432360888842e-01 6.363243026393702872e-02
5.026109003821628285e-01 -8.644642445692140020e-01 -9.157110811261765654e-03 2.708004828029644706e+00 8.644748756624912600e-01 5.026598291170396582e-01 -4.035534704184250317e-03 2.020610035008115535e+00 8.091487215080121753e-03 -5.887788498799658397e-03 9.999499296371001655e-01 6.723311267889131582e-02
4.502064544873615182e-01 -8.928735167010457552e-01 -9.541043539715372140e-03 2.856570936561693586e+00 8.928844275455083412e-01 4.502617733492894070e-01 -4.662028215606896404e-03 2.317906813184268167e+00 8.458568711623454250e-03 -6.420174005477108196e-03 9.999436154009335720e-01 7.739943306782771926e-02
4.487393565484341096e-01 -8.936074598556299486e-01 -9.934665312236447277e-03 2.960378803136567871e+00 8.936167063585128689e-01 4.488013059737792076e-01 -5.154597287244748298e-03 2.518320154433980385e+00 9.064877354977622648e-03 -6.564712225150387374e-03 9.999373643143555368e-01 7.533678780283795118e-02
4.386386523080876287e-01 -8.986076700607096290e-01 -1.001938168788293372e-02 2.981047674838289918e+00 8.986163386582052270e-01 4.387026110853009531e-01 -5.356764271559602032e-03 2.578829488275676152e+00 9.209158369065122487e-03 -6.653896227175410717e-03 9.999354564506308662e-01 7.467560253344161791e-02
4.341320146980583994e-01 -9.007928819288409938e-01 -1.007857532283466459e-02 2.982964673124190558e+00 9.008019518122755143e-01 4.341967053055676429e-01 -5.391169908739311574e-03 2.640158106743410116e+00 9.232411678410139960e-03 -6.738320868235955254e-03 9.999346766696697308e-01 7.449862016249833574e-02
4.255003229478343529e-01 -9.048997283223331189e-01 -1.029353454634082850e-02 3.055011624236340317e+00 9.049100279921479251e-01 4.255675642046340412e-01 -5.485392983666359697e-03 2.672465087179495491e+00 9.344325044603441280e-03 -6.980686148421595162e-03 9.999319744914441088e-01 7.179539151146940856e-02
4.074304387453322462e-01 -9.131778246362944884e-01 -1.032948093133069511e-02 3.094110822292155394e+00 9.131877495291833569e-01 4.074993042964367707e-01 -5.696587377133763806e-03 2.759218720428855853e+00 9.411253562162155001e-03 -7.111792351069759661e-03 9.999304229374881281e-01 7.286302862323287832e-02
3.802987655113714283e-01 -9.248067935001682560e-01 -1.025883260727742698e-02 3.121007593165866290e+00 9.248165628278219863e-01 3.803679699184424612e-01 -5.876442755293636612e-03 2.807176965815956660e+00 9.336705514273639997e-03 -7.252734385051876932e-03 9.999301094446949589e-01 7.674009304591132563e-02
3.463248177066236000e-01 -9.380582111025449477e-01 -1.029141504203121178e-02 3.149876056936216528e+00 9.380695558875037365e-01 3.463949039941708330e-01 -6.006563401067213648e-03 2.873833985801230284e+00 9.199399844327696765e-03 -7.573841163014309943e-03 9.999290014658749337e-01 7.838028977902053440e-02
2.995358300010035890e-01 -9.540275439168898197e-01 -1.047530398206792529e-02 3.189243611828802116e+00 9.540422683721255792e-01 2.996083206071626925e-01 -6.180969367713047211e-03 2.946306680611998186e+00 9.035303258821705125e-03 -8.142460983170939429e-03 9.999260290762305159e-01 7.439774712354456365e-02
2.096989306799993402e-01 -9.777097742449615270e-01 -1.048598195362205471e-02 3.113464070810922024e+00 9.777254793866009264e-01 2.097758202266812866e-01 -6.855086174868740834e-03 3.257321678432993473e+00 8.901990221663918373e-03 -8.814907491855143717e-03 9.999215229086747536e-01 7.439338889780411357e-02
2.088906185119295822e-01 -9.778827824267638524e-01 -1.048681700966932161e-02 3.117805675999926862e+00 9.778968425925408381e-01 2.089691830441389175e-01 -7.045976540182981480e-03 3.308038325144112779e+00 9.081560727271812891e-03 -8.783186845102011059e-03 9.999201872567634597e-01 7.884105283588876967e-02
2.012745247874259125e-01 -9.794745873455614760e-01 -1.086730950319583083e-02 3.241189393085808668e+00 9.794719168919459040e-01 2.013749835645780584e-01 -9.103846131343927561e-03 4.161497049882409094e+00 1.110539020535282126e-02 -8.811852166729184505e-03 9.998995057353406990e-01 8.847780629157400711e-02
2.030923903458772273e-01 -9.791004709099395686e-01 -1.075866383585534838e-02 3.275186804941174756e+00 9.790956151082619296e-01 2.031924536627427447e-01 -9.198002516243067653e-03 4.233378358008908826e+00 1.119184789802446164e-02 -8.665716268678602327e-03 9.998998189329659780e-01 8.901404571243863584e-02
1.952519533678581665e-01 -9.806916248413301007e-01 -1.098233454724544499e-02 3.336543950698485528e+00 9.806818446446331494e-01 1.953605190907288236e-01 -9.868493552739844230e-03 4.599775187905757790e+00 1.182346355495054145e-02 -8.843333459326576870e-03 9.998909946403616855e-01 9.863180023529061202e-02
1.941281366196027092e-01 -9.809144129867456430e-01 -1.100822272073627775e-02 3.331888298663794767e+00 9.809069873720047683e-01 1.942355023013795368e-01 -9.698029207459334805e-03 4.706839038665563635e+00 1.165112429677095732e-02 -8.915382246390910620e-03 9.998923778397462714e-01 1.140736858623540573e-01
1.940290070403427602e-01 -9.809377097317298899e-01 -1.067492637949198249e-02 3.338860982947047251e+00 9.809281021443952975e-01 1.941319619825812026e-01 -9.635339132005912854e-03 4.804175749794121764e+00 1.152401190270878513e-02 -8.601799989686142317e-03 9.998965977472888955e-01 1.315842145915987471e-01
1.950601471786020946e-01 -9.807324969674341419e-01 -1.073817371268901560e-02 3.351250815309064546e+00 9.807182335513838778e-01 1.951675509829703392e-01 -1.006843697714631704e-02 4.878669314451821393e+00 1.197018640269117626e-02 -8.567171956455637075e-03 9.998916532315655914e-01 1.266216103056682640e-01
1.940100776709905439e-01 -9.809403455179591669e-01 -1.077628401645396548e-02 3.366413673118628047e+00 9.809253405306302964e-01 1.941188010029084587e-01 -1.016697605290531672e-02 4.964117411321289808e+00 1.206507633475060841e-02 -8.598234254791631975e-03 9.998902461274119524e-01 1.257858855075553450e-01
1.878785224456467340e-01 -9.821322126138689601e-01 -1.086175629566316948e-02 3.437277607857014416e+00 9.821124320762351090e-01 1.879927639520132532e-01 -1.067199433025172416e-02 5.119715857273359205e+00 1.252324099196769173e-02 -8.662427365837102253e-03 9.998840586723986013e-01 1.285616440930027193e-01
1.510819567132067887e-01 -9.884598596433786799e-01 -1.101581724162124798e-02 3.471556010680739046e+00 9.884381507099371245e-01 1.512043601992623110e-01 -1.128112041649035474e-02 5.350773101935757836e+00 1.281657430159545072e-02 -9.184080276426077188e-03 9.998756863193782873e-01 1.208136542827414756e-01
1.362442831744452576e-01 -9.906140240297685029e-01 -1.101592927678014117e-02 3.491028422892625382e+00 9.905901345294083615e-01 1.363699296119631477e-01 -1.159429474514098862e-02 5.392090248409203035e+00 1.298771247335618606e-02 -9.332614487787115748e-03 9.998721026368981857e-01 1.223266614601620089e-01
1.210657051618958535e-01 -9.925812536908210637e-01 -1.120490317724117356e-02 3.454538321748742202e+00 9.925592596862561345e-01 1.211955197590252054e-01 -1.173720586047786833e-02 5.498138626200729462e+00 1.300811457223567148e-02 -9.700557298329583536e-03 9.998683354039057392e-01 1.192292973955854096e-01
1.215889848491210623e-01 -9.925192956050283843e-01 -1.102572514888821263e-02 3.452105834018153629e+00 9.924939547428288655e-01 1.217175926590648993e-01 -1.185653559104495221e-02 5.558383952510975945e+00 1.310986507558306764e-02 -9.501341430584895817e-03 9.998689193832956956e-01 1.288525127083085808e-01
1.208239076073652774e-01 -9.926117174987763025e-01 -1.111582811204889915e-02 3.473626498902139925e+00 9.925828493023887145e-01 1.209569531786615082e-01 -1.219437364060725441e-02 5.651462259988096370e+00 1.344881486371611937e-02 -9.560008465730665886e-03 9.998638585411999680e-01 1.240081541625362160e-01
1.205554180816628129e-01 -9.926456607868974213e-01 -1.099924052375770081e-02 3.460588373076637136e+00 9.926131470557242320e-01 1.206886996563903969e-01 -1.238458991572808157e-02 5.760302339730206000e+00 1.362099347649283962e-02 -9.424961336449440286e-03 9.998628099096994459e-01 1.320375299452981321e-01
1.203741631998436201e-01 -9.926668511083688307e-01 -1.107174532461707370e-02 3.484865071770961720e+00 9.926325719343177534e-01 1.205101511780111156e-01 -1.256505464034058522e-02 5.801228172882820999e+00 1.380717092670552537e-02 -9.477667099485092422e-03 9.998597580947800045e-01 1.271204684572330712e-01
1.135177889128395901e-01 -9.934746462737074069e-01 -1.103806195273038075e-02 3.505326306669785730e+00 9.934391793163259710e-01 1.136547944134554955e-01 -1.269585389567898411e-02 5.853018720750364778e+00 1.386753762011290643e-02 -9.524437944965285022e-03 9.998584782268874482e-01 1.322818924023388965e-01
9.876380704620757456e-02 -9.950495989896480653e-01 -1.104563118524321159e-02 3.532587014970142381e+00 9.950123979050841116e-01 9.890412402954851245e-02 -1.297313628705344495e-02 5.931904674014308654e+00 1.400137253680052395e-02 -9.709263642965320837e-03 9.998548353469103311e-01 1.350608245950276898e-01
9.366682285922767193e-02 -9.955418426553541700e-01 -1.108899534855696187e-02 3.511836840004239679e+00 9.954876230900431278e-01 9.382010233133664112e-02 -1.421902503950794178e-02 6.528075054645665176e+00 1.519600506694768552e-02 -9.707106722384995640e-03 9.998374135373638838e-01 1.438772533886457650e-01
8.405179780212912455e-02 -9.963979686131061442e-01 -1.124203851203850468e-02 3.548275363852535502e+00 9.963311856737049332e-01 8.421784047007485619e-02 -1.521590617041145704e-02 6.928330246301823259e+00 1.610787820477089724e-02 -9.921869291277179287e-03 9.998210303696892787e-01 1.443903895970520546e-01
8.257296432876781722e-02 -9.965238299472588546e-01 -1.104363659339588702e-02 3.559230611686060808e+00 9.964528428157169992e-01 8.273742026690766860e-02 -1.537046948057042492e-02 6.995317955489486650e+00 1.623076111696828902e-02 -9.735277850377452996e-03 9.998208773369057223e-01 1.504857005387114643e-01
8.323591696616450264e-02 -9.964685433288310579e-01 -1.105550916599003577e-02 3.560235080470994795e+00 9.963952270428414471e-01 8.340191167790911297e-02 -1.551362803198235232e-02 7.091122585424354696e+00 1.638089292579099007e-02 -9.724365510806812218e-03 9.998185350664219317e-01 1.532016792935285143e-01
8.364783326222768878e-02 -9.964331858645855133e-01 -1.113310820422830708e-02 3.555036426407918615e+00 9.963583829568559702e-01 8.381636327002872644e-02 -1.564576491532902736e-02 7.168476117096528988e+00 1.652309602143979539e-02 -9.783831352751168331e-03 9.998156149720442976e-01 1.485400287752575987e-01
8.468681877873607267e-02 -9.963473027083155076e-01 -1.096335309119592094e-02 3.562164381977449334e+00 9.962671656425313715e-01 8.485449241909304163e-02 -1.585716806038940663e-02 7.266672773136877872e+00 1.672953638732616044e-02 -9.579535592229879853e-03 9.998141602868516609e-01 1.559915876854904293e-01
8.272110074142713376e-02 -9.965110508457734051e-01 -1.108805818796994649e-02 3.548708591860781691e+00 9.964278225161345981e-01 8.289368716916312163e-02 -1.613168135242171869e-02 7.331087984444035754e+00 1.699452876315798999e-02 -9.714019237888803227e-03 9.998083935546671075e-01 1.528790649861878626e-01
7.684489225705992688e-02 -9.969802676345985715e-01 -1.118965956790085418e-02 3.569860902417334447e+00 9.968940815766212937e-01 7.702257308920201773e-02 -1.642295199480360568e-02 7.501379065900960263e+00 1.723521544704139513e-02 -9.892885421514018701e-03 9.998025195840081203e-01 1.581964953984177635e-01
7.730281968024943495e-02 -9.969466855967760166e-01 -1.102633878882563513e-02 3.594682683283402014e+00 9.968492624288719517e-01 7.748294276045786244e-02 -1.696884133326803656e-02 7.745985267251382034e+00 1.777138330285113477e-02 -9.679858407163314735e-03 9.997952181705613839e-01 1.673065706892241655e-01
7.776719133128418004e-02 -9.969125409188454023e-01 -1.084664515760944484e-02 3.583264262639214603e+00 9.968105868387225899e-01 7.794552513250496695e-02 -1.712159683147577646e-02 7.812646285716034811e+00 1.791418205459037807e-02 -9.480552228097571810e-03 9.997945795065931174e-01 1.729057743634704603e-01
7.855980488629143998e-02 -9.968483261073095569e-01 -1.103502574910071067e-02 3.605108468143531031e+00 9.967434837130935144e-01 7.874386342397399208e-02 -1.737330275316588749e-02 7.880498322908073838e+00 1.818748832891614597e-02 -9.634246733503144464e-03 9.997881758443453171e-01 1.651727395341199833e-01
8.097210401973720106e-02 -9.966549691353112639e-01 -1.106304065386735577e-02 3.611190674699439551e+00 9.965459257539917015e-01 8.115852937888812235e-02 -1.759292392344929956e-02 7.960620027015004929e+00 1.843193515985196845e-02 -9.600292024121423462e-03 9.997840257572205847e-01 1.679910002313503292e-01
8.235766276831624211e-02 -9.965409042454684840e-01 -1.111042523779181244e-02 3.608630712400749285e+00 9.964291597927754651e-01 8.254631393829969799e-02 -1.774924138839985288e-02 8.053307639397178974e+00 1.860496971253385035e-02 -9.608965647974062121e-03 9.997807374025425853e-01 1.683551514172317021e-01
8.041880071345919312e-02 -9.966989422283667466e-01 -1.113710252552625214e-02 3.604777869257864253e+00 9.965849330984393184e-01 8.060966109844658334e-02 -1.790401236519090222e-02 8.146169621726013332e+00 1.874266824623069261e-02 -9.659249372944444384e-03 9.997776809313974056e-01 1.660502081873536928e-01
7.659155941271234003e-02 -9.970003535627246505e-01 -1.113678690338295446e-02 3.599844584303487860e+00 9.968840796752770350e-01 7.678440083346127487e-02 -1.806342931512580630e-02 8.234073416988225702e+00 1.886437692332191066e-02 -9.718579343131803980e-03 9.997748168957077963e-01 1.712512074706353804e-01
7.394984090251710551e-02 -9.972007352019742754e-01 -1.105055397410344142e-02 3.622839262011637640e+00 9.970824258845649712e-01 7.414224117258194635e-02 -1.815389947251083366e-02 8.310256964145091629e+00 1.892239473860914817e-02 -9.675835186114908892e-03 9.997741350879244537e-01 1.770074330977558785e-01
7.431271380754955747e-02 -9.971738564782866021e-01 -1.104176266629447629e-02 3.634208275158064438e+00 9.970498423625213658e-01 7.450771276088474782e-02 -1.844485250721226294e-02 8.378695242887500783e+00 1.921542118790417475e-02 -9.638500680242353263e-03 9.997689067445578726e-01 1.758678499012874263e-01
7.584467232839842143e-02 -9.970590541169309651e-01 -1.099219190376714977e-02 3.628477506031214883e+00 9.969284246103963243e-01 7.604140543446125111e-02 -1.874622264312126099e-02 8.546647127894726026e+00 1.952695273798363274e-02 -9.536627443874998167e-03 9.997638475428911597e-01 1.804359263559207061e-01
7.798355082249486259e-02 -9.968937336111005632e-01 -1.102042140917783991e-02 3.633970179196536421e+00 9.967548029102131224e-01 7.818447608926315517e-02 -1.915856398767593755e-02 8.691667030073393363e+00 1.996067825846090452e-02 -9.490605121273599717e-03 9.997557200325959403e-01 1.842390940135452404e-01
7.767791171413052087e-02 -9.969158597685665590e-01 -1.117633990320751960e-02 3.644616591233175829e+00 9.967665263600409276e-01 7.788767436945687184e-02 -1.974847106628177876e-02 8.865369937767676234e+00 2.055806313518035097e-02 -9.606181510763568687e-03 9.997425105080368635e-01 1.828780523076533882e-01
7.664502559736507958e-02 -9.969948784574749201e-01 -1.125843598128805495e-02 3.660373873101757880e+00 9.968436704332748199e-01 7.685798793116938032e-02 -1.988834855611357547e-02 9.027235426307353094e+00 2.069388238819602766e-02 -9.698557662752578523e-03 9.997388164970717472e-01 1.868614521401006645e-01
7.691343623731083934e-02 -9.969757649165595925e-01 -1.111968952850705267e-02 3.668835397478856564e+00 9.968186998761958684e-01 7.712553654572262829e-02 -2.010301444225535278e-02 9.094506868540419120e+00 2.089983022180413180e-02 -9.538122539351195223e-03 9.997360758295781302e-01 1.911097936447767598e-01
7.810567832506853936e-02 -9.968831256781147676e-01 -1.111470879569756084e-02 3.672887312159941686e+00 9.967225527149401465e-01 7.831893850919946498e-02 -2.025578387043684703e-02 9.173864128640349946e+00 2.106314133253931950e-02 -9.496189184324413737e-03 9.997330476022991963e-01 1.934995108589455948e-01
7.925235013446885191e-02 -9.967934332124911423e-01 -1.104158062139278321e-02 3.669772246111942859e+00 9.966292847227845586e-01 7.946505829713079727e-02 -2.038071006576661764e-02 9.258641069390041167e+00 2.119277780553532539e-02 -9.389143426786414337e-03 9.997313189825536295e-01 1.977361907654724971e-01
8.021862190837325546e-02 -9.967138113548369427e-01 -1.124948681655114219e-02 3.721026639371413314e+00 9.965276440215086184e-01 8.044599696347609630e-02 -2.147315238835555140e-02 9.803904778844113821e+00 2.230756374108602141e-02 -9.487877901126358024e-03 9.997061332075894979e-01 2.095977434522141580e-01
8.375063793108039611e-02 -9.964251785054879518e-01 -1.107674530012979497e-02 3.721936513995709017e+00 9.962184024875341271e-01 8.398086136762339393e-02 -2.227351497042286479e-02 1.013588524795555657e+01 2.312412574180293390e-02 -9.169436419916219411e-03 9.996905502426329804e-01 2.235067542247756445e-01
8.584570291211501836e-02 -9.962460624828953781e-01 -1.114891379695882173e-02 3.725776295614006806e+00 9.960344934019685903e-01 8.607912426201025369e-02 -2.248715899728746109e-02 1.023277746177786973e+01 2.336243234358930526e-02 -9.174276735117462001e-03 9.996849650771880702e-01 2.227324146761436585e-01
8.771582099356123319e-02 -9.960825294068011981e-01 -1.120398848513933648e-02 3.741641998664057223e+00 9.958679058469768197e-01 8.795135425217226466e-02 -2.262019869865114496e-02 1.032965851780655520e+01 2.351699069573061351e-02 -9.173543249939672406e-03 9.996813478568350453e-01 2.222622453454307090e-01
8.592739574177266082e-02 -9.962380101498953255e-01 -1.123876299306066084e-02 3.762221542317150114e+00 9.960125484161344023e-01 8.616863294217558256e-02 -2.310779293819487101e-02 1.042631781031285421e+01 2.398929049877621122e-02 -9.208356501244074899e-03 9.996698055417655437e-01 2.221512149842385098e-01
8.425873017501550599e-02 -9.963809642451727511e-01 -1.120002139078111331e-02 3.763723992388043005e+00 9.961603349335427238e-01 8.449756775900574279e-02 -2.290738195220981543e-02 1.052756174615807083e+01 2.377085388424512308e-02 -9.226870144976090024e-03 9.996748528261284461e-01 2.336701249603660158e-01
8.332809618223158132e-02 -9.964571325148353642e-01 -1.138470232183909706e-02 3.770865494613695468e+00 9.962291798806027776e-01 8.357517225479582645e-02 -2.329402792569736091e-02 1.060919258225003503e+01 2.416297872917816739e-02 -9.400725657806453806e-03 9.996638319035254794e-01 2.244057128534596157e-01
7.839299839745361709e-02 -9.968576775947239899e-01 -1.137138613848738024e-02 3.778135246227124266e+00 9.966215912626996687e-01 7.864448505369325826e-02 -2.367379985647495924e-02 1.078699743359962504e+01 2.449370595197598172e-02 -9.477108793991610020e-03 9.996550618976752789e-01 2.277849848755252038e-01
7.413448249023479875e-02 -9.971827707805485108e-01 -1.142804289166567296e-02 3.779948646616730024e+00 9.969369637358207470e-01 7.439278101588486791e-02 -2.413305761660024598e-02 1.096244567054526087e+01 2.491523315380787112e-02 -9.603946644546213635e-03 9.996434341132542922e-01 2.318510342149300019e-01
6.572425675651649701e-02 -9.977710063252251960e-01 -1.154733781228415787e-02 3.818993634741110199e+00 9.975154046725778212e-01 6.599277943989112494e-02 -2.465705786791010795e-02 1.113547819333632916e+01 2.536413835924796259e-02 -9.898080548540777110e-03 9.996292755250556494e-01 2.287536331596263239e-01
6.336249281708539183e-02 -9.979230778057336382e-01 -1.160712224183779034e-02 3.808982444248662169e+00 9.976621520218266204e-01 6.363571168526416244e-02 -2.491438583405139115e-02 1.122386126211143953e+01 2.560126807763334067e-02 -1.000134896112011770e-02 9.996222026804801875e-01 2.301032839754681425e-01
6.212672122350371140e-02 -9.980041172625339074e-01 -1.131602567370913401e-02 3.804660693178794517e+00 9.977410931422135976e-01 6.239264804625377359e-02 -2.489715897763377511e-02 1.134069759962126156e+01 2.555350397496046824e-02 -9.743684970651186883e-03 9.996259695695157710e-01 2.517064854117611605e-01
6.352646573016917930e-02 -9.979139482249805848e-01 -1.149522030519740425e-02 3.810228825298589861e+00 9.976454488637851448e-01 6.379924099264833171e-02 -2.516376780490378259e-02 1.139342168223818241e+01 2.584466121292305907e-02 -9.869588988066595875e-03 9.996172491008725736e-01 2.361689868111802593e-01
6.488478969495747872e-02 -9.978307616330219787e-01 -1.112363272966844681e-02 3.804513181747261719e+00 9.975519086563424676e-01 6.514992493540305851e-02 -2.541017152637509852e-02 1.147205160658468159e+01 2.607975464473548388e-02 -9.447667425071271455e-03 9.996152199611086919e-01 2.552164140145636306e-01
6.594472038855847540e-02 -9.977579843621369182e-01 -1.141483659457123018e-02 3.802668726439045521e+00 9.974761470281996445e-01 6.621919158702971320e-02 -2.561942183847505661e-02 1.156346261325542280e+01 2.631786394547073332e-02 -9.696561615654636021e-03 9.996065959817299618e-01 2.438080150723083983e-01
6.853955276186407541e-02 -9.975842032187409725e-01 -1.131756138193063324e-02 3.798717377557486952e+00 9.972932024301475185e-01 6.881343132513506600e-02 -2.590328272405136370e-02 1.162464046386103789e+01 2.661950588994603864e-02 -9.511527621314758846e-03 9.996003865287788059e-01 2.512974487075501639e-01
7.292496969793993422e-02 -9.972729179984786141e-01 -1.134353654530699876e-02 3.812029410644190541e+00 9.969711556074777326e-01 7.320169445443935885e-02 -2.626836149609840243e-02 1.180351199768462500e+01 2.702709161647525934e-02 -9.393559272132860627e-03 9.995905648629120899e-01 2.576748637008589582e-01
7.201166611644493898e-02 -9.973394225798658530e-01 -1.133120078339899632e-02 3.860397103115544404e+00 9.970289785015952200e-01 7.229138203905582927e-02 -2.659270785288997407e-02 1.189137904172304694e+01 2.734110405963029178e-02 -9.382550343234293336e-03 9.995821285806669731e-01 2.575775707733548026e-01
6.843122898218634287e-02 -9.975918451252874242e-01 -1.129944421254762410e-02 3.844748846693415434e+00 9.972735387605631274e-01 6.871413499290401905e-02 -2.690458214061343389e-02 1.196898627740259435e+01 2.761622327494519386e-02 -9.427523094740564505e-03 9.995741423327868524e-01 2.619634853952904074e-01
6.700176847345129527e-02 -9.976857439615772760e-01 -1.157235141465585981e-02 3.861054338612869063e+00 9.973706128121361258e-01 6.729261375698802894e-02 -2.689916044223053873e-02 1.207515938801959798e+01 2.761564267175517506e-02 -9.739631902032152427e-03 9.995711659758093059e-01 2.561178647881331427e-01
6.630932180697246547e-02 -9.977328618732493881e-01 -1.149826855291490729e-02 3.858344545424672756e+00 9.974084979792988692e-01 6.660137740297955578e-02 -2.721295071661241835e-02 1.214898798865832497e+01 2.791705572187489631e-02 -9.663998460340331859e-03 9.995635273125866860e-01 2.607841876033992756e-01
6.780455772634130795e-02 -9.976325560610362908e-01 -1.148150855327033544e-02 3.846515961294818986e+00 9.972931207514089680e-01 6.810058186452494500e-02 -2.772619792955991966e-02 1.241701740707984314e+01 2.844245512348130694e-02 -9.570466907978147225e-03 9.995496150315461570e-01 2.736171416454334371e-01
5.900166940211026834e-02 -9.981882545389257899e-01 -1.179031417297056461e-02 3.888870031776296976e+00 9.978115439059056513e-01 5.932432622669148170e-02 -2.920183497423346763e-02 1.294947262050260584e+01 2.984838112657634684e-02 -1.004155457498272751e-02 9.995039976537564153e-01 2.771399618108040808e-01
5.797021179373129662e-02 -9.982509593573206663e-01 -1.159640835685427432e-02 3.892738317325374897e+00 9.978620531525462800e-01 5.829095753115143275e-02 -2.955481599141483728e-02 1.303049468941386912e+01 3.017908916410222755e-02 -9.858316909618877397e-03 9.994958910195352875e-01 2.879912784524765179e-01
6.191584379906056590e-02 -9.980122629526237965e-01 -1.174526640111139830e-02 3.863175777953916867e+00 9.976063357352422667e-01 6.224511870157578564e-02 -3.011883295763367885e-02 1.320754919457683485e+01 3.079005013885886821e-02 -9.852319219832155958e-03 9.994773157097849303e-01 2.924741941263654943e-01
6.270801003972981125e-02 -9.979666666473175907e-01 -1.141217497671371747e-02 3.863279176750739285e+00 9.975573228120367952e-01 6.302668758559482054e-02 -3.011684505504733794e-02 1.329990089882737436e+01 3.077487905644881241e-02 -9.495731295156158505e-03 9.994812343942387489e-01 3.135980680764730577e-01
6.560432601670074249e-02 -9.977792215945900933e-01 -1.151943410019365573e-02 3.889551656716975447e+00 9.973681320525503713e-01 6.592568511847374246e-02 -3.017636836444335252e-02 1.338649472064742518e+01 3.086877992245827540e-02 -9.509416162631590189e-03 9.994782085820304030e-01 3.070813933865618184e-01
6.656041880013929823e-02 -9.977142934555571774e-01 -1.165758481114111469e-02 3.931576390553860545e+00 9.972559440551582721e-01 6.690024217514412008e-02 -3.170078301182177594e-02 1.402596954617956371e+01 3.240821957167031031e-02 -9.515578352678393664e-03 9.994294177543546764e-01 3.244114256503418670e-01
6.467627739265979780e-02 -9.978371438952056138e-01 -1.174791069454153743e-02 3.951571282813972630e+00 9.973703598702157169e-01 6.502284278348202662e-02 -3.200617391553639557e-02 1.411944056875111642e+01 3.270083171701762548e-02 -9.646977734699090784e-03 9.994186267153527536e-01 3.260198836591949312e-01
5.670685214152459963e-02 -9.983268612877949089e-01 -1.130535056773171454e-02 3.957896267580155669e+00 9.978528300698019660e-01 5.704436289593994847e-02 -3.218183002073313204e-02 1.429057976741470526e+01 3.277289187554734834e-02 -9.456145782312935788e-03 9.994180901229762215e-01 3.469764492903446573e-01
5.562316028921088229e-02 -9.983846688551912818e-01 -1.158089091351261965e-02 3.951953294798487448e+00 9.979072054985050899e-01 5.597213113968335652e-02 -3.237792071530254390e-02 1.447342659447719271e+01 3.297382679649246695e-02 -9.755692214907775439e-03 9.994086017319456783e-01 3.406617645525872318e-01
5.649353436185766686e-02 -9.983352355570218606e-01 -1.162918830408101595e-02 3.956553396165511938e+00 9.978458516526429456e-01 5.684724065580881724e-02 -3.274213752082507506e-02 1.456209763891113695e+01 3.334871684064710795e-02 -9.754418236201265954e-03 9.993961749026036845e-01 3.387329921717907033e-01
5.792365775171026687e-02 -9.982538295410406937e-01 -1.158195490018786543e-02 3.955366095684095917e+00 9.977579052440755936e-01 5.827669671065915935e-02 -3.290880039516268230e-02 1.465461364296021607e+01 3.352629409310763781e-02 -9.649788968734040323e-03 9.993912492999132979e-01 3.454226459343721634e-01
5.691525989411627684e-02 -9.983128839103301289e-01 -1.149082285241191659e-02 4.009989105105806750e+00 9.977870988495551874e-01 5.727401560674916237e-02 -3.377265914414511599e-02 1.505677314557054025e+01 3.437380631489551225e-02 -9.543215124797820373e-03 9.993634816644582086e-01 3.632065995330542307e-01
5.476407895008972293e-02 -9.984358514378176563e-01 -1.125816238952100264e-02 3.996794684245952300e+00 9.979149342728200756e-01 5.511424665796182953e-02 -3.358874470115074534e-02 1.516370685988750999e+01 3.415669205327237501e-02 -9.395231714323349151e-03 9.993723280184478863e-01 3.768229777376847500e-01
